-3.00000000e+00, -2.68421053e+00, 1.90801071e-04
-3.00000000e+00, -2.36842105e+00, 4.32013533e-04
-3.00000000e+00, -2.05263158e+00, 7.18178305e-04
-3.00000000e+00, -1.42105263e+00, -1.12291373e-03
-3.00000000e+00, -1.10526316e+00, -6.14435184e-03
-3.00000000e+00, -7.89473684e-01, -1.52787596e-02
-3.00000000e+00, -1.57894737e-01, -3.48181462e-02
-3.00000000e+00, 1.57894737e-01, -3.61827794e-02
-3.00000000e+00, 4.73684211e-01, -3.02114932e-02
-3.00000000e+00, 1.10526316e+00, -1.07323494e-02
-3.00000000e+00, 1.42105263e+00, -4.16882252e-03
-3.00000000e+00, 1.73684211e+00, -9.35875514e-04
-3.00000000e+00, 2.36842105e+00, 1.95260585e-04
-3.00000000e+00, 2.68421053e+00, 9.90150795e-05
-3.00000000e+00, 3.00000000e+00, 3.22353596e-05
-2.68421053e+00, -2.68421053e+00, 8.86197293e-04
-2.68421053e+00, -2.36842105e+00, 2.03896071e-03
-2.68421053e+00, -2.05263158e+00, 3.62714039e-03
-2.68421053e+00, -1.42105263e+00, -1.51338280e-03
-2.68421053e+00, -1.10526316e+00, -2.06271603e-02
-2.68421053e+00, -7.89473684e-01, -5.76569553e-02
-2.68421053e+00, -1.57894737e-01, -1.40418731e-01
-2.68421053e+00, 1.57894737e-01, -1.47387178e-01
-2.68421053e+00, 4.73684211e-01, -1.23632412e-01
-2.68421053e+00, 1.10526316e+00, -4.29608178e-02
-2.68421053e+00, 1.42105263e+00, -1.53344278e-02
-2.68421053e+00, 1.73684211e+00, -2.03041906e-03
-2.68421053e+00, 2.36842105e+00, 1.44509684e-03
-2.68421053e+00, 2.68421053e+00, 6.50729374e-04
-2.68421053e+00, 3.00000000e+00, 2.03130592e-04
-2.36842105e+00, -2.68421053e+00, 3.13159305e-03
-2.36842105e+00, -2.36842105e+00, 7.26107541e-03
-2.36842105e+00, -2.05263158e+00, 1.37191552e-02
-2.36842105e+00, -1.42105263e+00, 7.15856954e-03
-2.36842105e+00, -1.10526316e+00, -4.79319674e-02
-2.36842105e+00, -7.89473684e-01, -1.65859045e-01
-2.36842105e+00, -1.57894737e-01, -4.46393175e-01
-2.36842105e+00, 1.57894737e-01, -4.75116108e-01
-2.36842105e+00, 4.73684211e-01, -4.01027442e-01
-2.36842105e+00, 1.10526316e+00, -1.34147342e-01
-2.36842105e+00, 1.42105263e+00, -4.05652726e-02
-2.36842105e+00, 1.73684211e+00, 2.93000197e-03
-2.36842105e+00, 2.36842105e+00, 8.09490780e-03
-2.36842105e+00, 2.68421053e+00, 3.40535414e-03
-2.36842105e+00, 3.00000000e+00, 1.03431305e-03
-2.05263158e+00, -2.68421053e+00, 7.94761651e-03
-2.05263158e+00, -2.36842105e+00, 1.83278572e-02
-2.05263158e+00, -2.05263158e+00, 3.71446807e-02
-2.05263158e+00, -1.42105263e+00, 5.62316788e-02
-2.05263158e+00, -1.10526316e+00, -5.45746030e-02
-2.05263158e+00, -7.89473684e-01, -3.41220709e-01
-2.05263158e+00, -1.57894737e-01, -1.09279523e+00
-2.05263158e+00, 1.57894737e-01, -1.18808138e+00
-2.05263158e+00, 4.73684211e-01, -1.01196905e+00
-2.05263158e+00, 1.10526316e+00, -3.14889261e-01
-2.05263158e+00, 1.42105263e+00, -6.14141994e-02
-2.05263158e+00, 1.73684211e+00, 4.96735876e-02
-2.05263158e+00, 2.36842105e+00, 3.55327740e-02
-2.05263158e+00, 2.68421053e+00, 1.43306293e-02
-2.05263158e+00, 3.00000000e+00, 4.27359065e-03
-1.73684211e+00, -2.68421053e+00, 1.18978746e-02
-1.73684211e+00, -2.36842105e+00, 2.59885428e-02
-1.73684211e+00, -2.05263158e+00, 6.09984622e-02
-1.73684211e+00, -1.42105263e+00, 2.01240643e-01
-1.73684211e+00, -1.10526316e+00, 8.69717649e-02
-1.73684211e+00, -7.89473684e-01, -4.16165183e-01
-1.73684211e+00, -1.57894737e-01, -1.98399460e+00
-1.73684211e+00, 1.57894737e-01, -2.23742500e+00
-1.73684211e+00, 4.73684211e-01, -1.93400765e+00
-1.73684211e+00, 1.10526316e+00, -5.12018339e-01
-1.73684211e+00, 1.42105263e+00, 3.61119258e-02
-1.73684211e+00, 1.73684211e+00, 2.52798501e-01
-1.73684211e+00, 2.36842105e+00, 1.24204525e-01
-1.73684211e+00, 2.68421053e+00, 4.87648832e-02
-1.73684211e+00, 3.00000000e+00, 1.43649354e-02
-1.42105263e+00, -2.68421053e+00, -3.31628385e-03
-1.42105263e+00, -2.36842105e+00, -1.71435778e-02
-1.42105263e+00, -2.05263158e+00, 1.20298837e-04
-1.42105263e+00, -1.42105263e+00, 4.41307162e-01
-1.42105263e+00, -1.10526316e+00, 5.69207719e-01
-1.42105263e+00, -7.89473684e-01, 2.48347592e-02
-1.42105263e+00, -1.57894737e-01, -2.47123122e+00
-1.42105263e+00, 1.57894737e-01, -3.00877582e+00
-1.42105263e+00, 4.73684211e-01, -2.67382069e+00
-1.42105263e+00, 1.10526316e+00, -4.20764229e-01
-1.42105263e+00, 1.42105263e+00, 5.35070142e-01
-1.42105263e+00, 1.73684211e+00, 8.46871038e-01
-1.42105263e+00, 2.36842105e+00, 3.48797336e-01
-1.42105263e+00, 2.68421053e+00, 1.34646238e-01
-1.42105263e+00, 3.00000000e+00, 3.93480319e-02
-1.10526316e+00, -2.68421053e+00, -7.80603942e-02
-1.10526316e+00, -2.36842105e+00, -2.15583389e-01
-1.10526316e+00, -2.05263158e+00, -3.49281263e-01
-1.10526316e+00, -1.42105263e+00, 5.29680830e-01
-1.10526316e+00, -1.10526316e+00, 1.36479905e+00
-1.10526316e+00, -7.89473684e-01, 1.30327340e+00
-1.10526316e+00, -1.57894737e-01, -1.63959330e+00
-1.10526316e+00, 1.57894737e-01, -2.54204873e+00
-1.10526316e+00, 4.73684211e-01, -2.41983120e+00
-1.10526316e+00, 1.10526316e+00, 4.01439126e-01
-1.10526316e+00, 1.42105263e+00, 1.79289580e+00
-1.10526316e+00, 1.73684211e+00, 2.10427359e+00
-1.10526316e+00, 2.36842105e+00, 7.91317338e-01
-1.10526316e+00, 2.68421053e+00, 3.02400238e-01
-1.10526316e+00, 3.00000000e+00, 8.79422333e-02
-7.89473684e-01, -2.68421053e+00, -2.54611186e-01
-7.89473684e-01, -2.36842105e+00, -6.79657023e-01
-7.89473684e-01, -2.05263158e+00, -1.22142793e+00
-7.89473684e-01, -1.42105263e+00, -9.03780217e-02
-7.89473684e-01, -1.10526316e+00, 1.86529451e+00
-7.89473684e-01, -7.89473684e-01, 2.91427429e+00
-7.89473684e-01, -1.57894737e-01, 4.75471153e-01
-7.89473684e-01, 1.57894737e-01, -7.10336282e-01
-7.89473684e-01, 4.73684211e-01, -9.97136386e-01
-7.89473684e-01, 1.10526316e+00, 2.04593501e+00
-7.89473684e-01, 1.42105263e+00, 3.85888843e+00
-7.89473684e-01, 1.73684211e+00, 4.04923922e+00
-7.89473684e-01, 2.36842105e+00, 1.45609981e+00
-7.89473684e-01, 2.68421053e+00, 5.53466776e-01
-7.89473684e-01, 3.00000000e+00, 1.60535569e-01
-4.73684211e-01, -2.68421053e+00, -5.22147173e-01
-4.73684211e-01, -2.36842105e+00, -1.38226714e+00
-4.73684211e-01, -2.05263158e+00, -2.59434241e+00
-4.73684211e-01, -1.42105263e+00, -1.83178162e+00
-4.73684211e-01, -1.10526316e+00, 1.16213113e+00
-4.73684211e-01, -7.89473684e-01, 3.48122691e+00
-4.73684211e-01, -1.57894737e-01, 2.22436749e+00
-4.73684211e-01, 1.57894737e-01, 1.02643993e+00
-4.73684211e-01, 4.73684211e-01, 4.69979058e-01
-4.73684211e-01, 1.10526316e+00, 3.84481359e+00
-4.73684211e-01, 1.42105263e+00, 6.11506948e+00
-4.73684211e-01, 1.73684211e+00, 6.16980304e+00
-4.73684211e-01, 2.36842105e+00, 2.18006868e+00
-4.73684211e-01, 2.68421053e+00, 8.26838102e-01
-4.73684211e-01, 3.00000000e+00, 2.39571007e-01
-1.57894737e-01, -2.68421053e+00, -7.79569407e-01
-1.57894737e-01, -2.36842105e+00, -2.05925702e+00
-1.57894737e-01, -2.05263158e+00, -3.96215096e+00
-1.57894737e-01, -1.42105263e+00, -4.20283322e+00
-1.57894737e-01, -1.10526316e+00, -8.31007937e-01
-1.57894737e-01, -7.89473684e-01, 2.20575768e+00
-1.57894737e-01, -1.57894737e-01, 2.03250152e+00
-1.57894737e-01, 1.57894737e-01, 1.13044391e+00
-1.57894737e-01, 4.73684211e-01, 7.17379129e-01
-1.57894737e-01, 1.10526316e+00, 4.81979617e+00
-1.57894737e-01, 1.42105263e+00, 7.52781237e+00
-1.57894737e-01, 1.73684211e+00, 7.55607218e+00
-1.57894737e-01, 2.36842105e+00, 2.66316770e+00
-1.57894737e-01, 2.68421053e+00, 1.00973115e+00
-1.57894737e-01, 3.00000000e+00, 2.92515345e-01
1.57894737e-01, -2.68421053e+00, -8.88259975e-01
1.57894737e-01, -2.36842105e+00, -2.34505158e+00
1.57894737e-01, -2.05263158e+00, -4.57924539e+00
1.57894737e-01, -1.42105263e+00, -5.81206048e+00
1.57894737e-01, -1.10526316e+00, -2.79503265e+00
1.57894737e-01, -7.89473684e-01, 1.89842664e-01
1.57894737e-01, -1.57894737e-01, 6.72073129e-01
1.57894737e-01, 1.57894737e-01, 1.95831386e-01
1.57894737e-01, 4.73684211e-01, 1.37245561e-01
1.57894737e-01, 1.10526316e+00, 4.66151865e+00
1.57894737e-01, 1.42105263e+00, 7.46116904e+00
1.57894737e-01, 1.73684211e+00, 7.53239631e+00
1.57894737e-01, 2.36842105e+00, 2.66145188e+00
1.57894737e-01, 2.68421053e+00, 1.00938526e+00
1.57894737e-01, 3.00000000e+00, 2.92458068e-01
4.73684211e-01, -2.68421053e+00, -7.88119242e-01
4.73684211e-01, -2.36842105e+00, -2.07899708e+00
4.73684211e-01, -2.05263158e+00, -4.08816084e+00
4.73684211e-01, -1.42105263e+00, -5.58270438e+00
4.73684211e-01, -1.10526316e+00, -3.21191628e+00
4.73684211e-01, -7.89473684e-01, -6.49582771e-01
4.73684211e-01, -1.57894737e-01, 3.78899737e-01
4.73684211e-01, 1.57894737e-01, 2.27437406e-01
4.73684211e-01, 4.73684211e-01, 2.71291573e-01
4.73684211e-01, 1.10526316e+00, 3.90848636e+00
4.73684211e-01, 1.42105263e+00, 6.15512911e+00
4.73684211e-01, 1.73684211e+00, 6.18681458e+00
4.73684211e-01, 2.36842105e+00, 2.18147742e+00
4.73684211e-01, 2.68421053e+00, 8.27128880e-01
4.73684211e-01, 3.00000000e+00, 2.39619763e-01
7.89473684e-01, -2.68421053e+00, -5.49527453e-01
7.89473684e-01, -2.36842105e+00, -1.44629695e+00
7.89473684e-01, -2.05263158e+00, -2.84123500e+00
7.89473684e-01, -1.42105263e+00, -3.82863901e+00
7.89473684e-01, -1.10526316e+00, -2.01217488e+00
7.89473684e-01, -7.89473684e-01, 1.39931103e-01
7.89473684e-01, -1.57894737e-01, 1.76895393e+00
7.89473684e-01, 1.57894737e-01, 1.75355366e+00
7.89473684e-01, 4.73684211e-01, 1.53107639e+00
7.89473684e-01, 1.10526316e+00, 3.13178341e+00
7.89473684e-01, 1.42105263e+00, 4.36060870e+00
7.89473684e-01, 1.73684211e+00, 4.23682186e+00
7.89473684e-01, 2.36842105e+00, 1.47028517e+00
7.89473684e-01, 2.68421053e+00, 5.56349171e-01
7.89473684e-01, 3.00000000e+00, 1.61014911e-01
1.10526316e+00, -2.68421053e+00, -3.02068661e-01
1.10526316e+00, -2.36842105e+00, -7.90986951e-01
1.10526316e+00, -2.05263158e+00, -1.53687659e+00
1.10526316e+00, -1.42105263e+00, -1.81781564e+00
1.10526316e+00, -1.10526316e+00, -4.43490916e-01
1.10526316e+00, -7.89473684e-01, 1.30710881e+00
1.10526316e+00, -1.57894737e-01, 3.24694705e+00
1.10526316e+00, 1.57894737e-01, 3.24525379e+00
1.10526316e+00, 4.73684211e-01, 2.71341149e+00
1.10526316e+00, 1.10526316e+00, 2.41298983e+00
1.10526316e+00, 1.42105263e+00, 2.70854982e+00
1.10526316e+00, 1.73684211e+00, 2.44398083e+00
1.10526316e+00, 2.36842105e+00, 8.16848137e-01
1.10526316e+00, 2.68421053e+00, 3.07582099e-01
1.10526316e+00, 3.00000000e+00, 8.88034583e-02
1.42105263e+00, -2.68421053e+00, -1.30712519e-01
1.42105263e+00, -2.36842105e+00, -3.38943318e-01
1.42105263e+00, -2.05263158e+00, -6.41623978e-01
1.42105263e+00, -1.42105263e+00, -5.06480791e-01
1.42105263e+00, -1.10526316e+00, 4.35763444e-01
1.42105263e+00, -7.89473684e-01, 1.68886611e+00
1.42105263e+00, -1.57894737e-01, 3.38101634e+00
1.42105263e+00, 1.57894737e-01, 3.36500433e+00
1.42105263e+00, 4.73684211e-01, 2.77466196e+00
1.42105263e+00, 1.10526316e+00, 1.65744230e+00
1.42105263e+00, 1.42105263e+00, 1.47661476e+00
1.42105263e+00, 1.73684211e+00, 1.19531991e+00
1.42105263e+00, 2.36842105e+00, 3.74932779e-01
1.42105263e+00, 2.68421053e+00, 1.39948871e-01
1.42105263e+00, 3.00000000e+00, 4.02291568e-02
1.73684211e+00, -2.68421053e+00, -4.42316132e-02
1.73684211e+00, -2.36842105e+00, -1.12640891e-01
1.73684211e+00, -2.05263158e+00, -2.02242861e-01
1.73684211e+00, -1.42105263e+00, 8.08728967e-03
1.73684211e+00, -1.10526316e+00, 5.46835025e-01
1.73684211e+00, -7.89473684e-01, 1.28009281e+00
1.73684211e+00, -1.57894737e-01, 2.37548482e+00
1.73684211e+00, 1.57894737e-01, 2.35720181e+00
1.73684211e+00, 4.73684211e-01, 1.93227009e+00
1.73684211e+00, 1.10526316e+00, 9.45028880e-01
1.73684211e+00, 1.42105263e+00, 6.94816437e-01
1.73684211e+00, 1.73684211e+00, 4.96296427e-01
1.73684211e+00, 2.36842105e+00, 1.42451295e-01
1.73684211e+00, 2.68421053e+00, 5.24663514e-02
1.73684211e+00, 3.00000000e+00, 1.49799435e-02
2.05263158e+00, -2.68421053e+00, -1.15281387e-02
2.05263158e+00, -2.36842105e+00, -2.83696115e-02
2.05263158e+00, -2.05263158e+00, -4.55070323e-02
2.05263158e+00, -1.42105263e+00, 8.91750516e-02
2.05263158e+00, -1.10526316e+00, 3.36001446e-01
2.05263158e+00, -7.89473684e-01, 6.76316949e-01
2.05263158e+00, -1.57894737e-01, 1.21313797e+00
2.05263158e+00, 1.57894737e-01, 1.20183282e+00
2.05263158e+00, 4.73684211e-01, 9.82393893e-01
2.05263158e+00, 1.10526316e+00, 4.31823062e-01
2.05263158e+00, 1.42105263e+00, 2.75763395e-01
2.05263158e+00, 1.73684211e+00, 1.74237619e-01
2.05263158e+00, 2.36842105e+00, 4.48623866e-02
2.05263158e+00, 2.68421053e+00, 1.62230214e-02
2.05263158e+00, 3.00000000e+00, 4.58800070e-03
2.36842105e+00, -2.68421053e+00, -2.23679408e-03
2.36842105e+00, -2.36842105e+00, -5.11763108e-03
2.36842105e+00, -2.05263158e+00, -6.01166466e-03
2.36842105e+00, -1.42105263e+00, 5.13536534e-02
2.36842105e+00, -1.10526316e+00, 1.40876735e-01
2.36842105e+00, -7.89473684e-01, 2.65305611e-01
2.36842105e+00, -1.57894737e-01, 4.67884033e-01
2.36842105e+00, 1.57894737e-01, 4.63149483e-01
2.36842105e+00, 4.73684211e-01, 3.78034560e-01
2.36842105e+00, 1.10526316e+00, 1.56388325e-01
2.36842105e+00, 1.42105263e+00, 9.05314450e-02
2.36842105e+00, 1.73684211e+00, 5.13427694e-02
2.36842105e+00, 2.36842105e+00, 1.17198082e-02
2.36842105e+00, 2.68421053e+00, 4.14057658e-03
2.36842105e+00, 3.00000000e+00, 1.15646231e-03
2.68421053e+00, -2.68421053e+00, -2.94592925e-04
2.68421053e+00, -2.36842105e+00, -5.44523913e-04
2.68421053e+00, -2.05263158e+00, 1.48864909e-04
2.68421053e+00, -1.42105263e+00, 1.81211415e-02
2.68421053e+00, -1.10526316e+00, 4.38121022e-02
2.68421053e+00, -7.89473684e-01, 7.97212936e-02
2.68421053e+00, -1.57894737e-01, 1.39351479e-01
2.68421053e+00, 1.57894737e-01, 1.37896341e-01
2.68421053e+00, 4.73684211e-01, 1.12469028e-01
2.68421053e+00, 1.10526316e+00, 4.48586020e-02
2.68421053e+00, 1.42105263e+00, 2.42729117e-02
2.68421053e+00, 1.73684211e+00, 1.25924924e-02
2.68421053e+00, 2.36842105e+00, 2.53976037e-03
2.68421053e+00, 2.68421053e+00, 8.72746684e-04
2.68421053e+00, 3.00000000e+00, 2.40015623e-04
3.00000000e+00, -2.68421053e+00, -1.67216447e-05
3.00000000e+00, -2.36842105e+00, 1.01018526e-05
3.00000000e+00, -2.05263158e+00, 3.05699470e-04
3.00000000e+00, -1.42105263e+00, 4.61562748e-03
3.00000000e+00, -1.10526316e+00, 1.04678152e-02
3.00000000e+00, -7.89473684e-01, 1.86828964e-02
3.00000000e+00, -1.57894737e-01, 3.25065365e-02
3.00000000e+00, 1.57894737e-01, 3.21655554e-02
3.00000000e+00, 4.73684211e-01, 2.62243067e-02
3.00000000e+00, 1.10526316e+00, 1.02207947e-02
3.00000000e+00, 1.42105263e+00, 5.27805704e-03
3.00000000e+00, 1.73684211e+00, 2.55126236e-03
3.00000000e+00, 2.36842105e+00, 4.56268048e-04
3.00000000e+00, 2.68421053e+00, 1.51950637e-04
3.00000000e+00, 3.00000000e+00, 4.10297275e-05
